145005
715530
693216
989079
620685
720813
187167
479277
162974
701567
634021
801125
819093
542159
440364
446965
950273
327339
761337
543913
811906
347476
747856
794090
836042
386516
980603
467047
514498
836927
699407
154841
551661
958411
210617
765854
766574
819502
213183
316198
369583
490623
248556
654598
817056
965936
437507
663718
368791
958786
307430
845440
644807
790261
487004
658257
569908
322627
482621
978795
411339
388836
267938
812710
855080
917053
295947
364145
156188
770296
286621
449063
145307
704676
555007
940143
658305
938990
889991
318605
490593
432368
262981
958137
645616
133233
845079
687587
348725
557061
166832
391336
566155
376866
311277
167491
427243
271629
639675
612332
123991
684712
996311
880021
882530
743715
583020
423853
406284
429822
394011
961501
439423
577049
407708
984375
118111
266030
735315
328698
567835
551535
824206
129606
146677
313731
860533
237127
357468
861575
844326
562888
975988
757749
334950
178163
734204
836426
300468
231926
745891
124993
905201
771935
197984
933673
179263
141749
740202
174375
590002
252191
259790
172043
267434
799719
120627
332123
146677
712475
994095
691156
633300
579780
401811
725984
761793
997829
389426
694323
266942
138476
834825
370998
712455
234413
908002
148348
642411
483217
805614
532455
798580
828406
338914
635495
179685
381993
972590
940626
979214
880404
530289
430844
395562
951783
416300
812968
508344
575540
977875
291473
962656
421664
656972
877692
111945
553498
920242
857352
323608
757703
764440
826942
378422
842969
379194
801324
571749
482082
529834
274821
915579
393433
732148
361110
316888
516484
882825
505211
187255
281759
247517
871511
272108
446011
832069
126067
393630
251247
479998
274559
591572
346263
967367
205885
568192
459106
465969
933361
635102
622701
740960
339831
207974
473970
774585
390825
295850
466237
285311
579521
621832
861690
309216
913755
410398
297483
349240
159775
928055
451689
977578
914203
742582
923125
878539
288137
708643
507299
788388
691062
912381
521502
739146
324231
630050
646334
332594
972689
520096
469783
899084
578489
745733
225288
741435
894357
777612
658840
808245
636746
690044
581985
480780
737002
995620
893742
519970
730123
125281
797430
482005
602714
647447
391012
521149
564512
622371
870728
636880
268141
709600
936846
239831
448696
354025
599034
998170
460819
736426
659674
850155
746539
697038
999553
435823
346756
603933
251903
649207
233629
245651
219423
782386
198812
564246
487243
417412
160957
677718
409792
826331
194035
715191
466183
421207
831166
286123
216541
417852
655318
686953
368438
258159
628764
452293
515767
816859
191903
689701
703317
252131
923164
518185
509208
189401
398545
117268
735470
906907
717253
140040
173603
396992
379509
361842
842103
763361
933946
543209
118283
659548
548954
692091
677290
552784
840176
769215
633406
282088
320299
282619
985086
828839
944852
114923
942455
995161
674616
940305
319901
301128
167886
611633
172275
976770
862079
818393
516844
545295
454529
509881
361745
561007
756069
359650
245779
809709
919708
614699
201664
127925
978854
507661
388697
154741
804766
260622
702071
222187
921941
847017
815926
534184
501899
355401
449408
633187
837909
969470
673281
519971
151197
499760
332578
272043
688746
800276
412633
432137
165809
388295
132001
890469
164601
152813
286362
672709
254159
840513
366843
730542
391625
328550
890829
789104
493432
887240
943274
818279
133703
447626
965241
239742
936402
595278
825289
457776
166269
761497
896038
297307
832636
630944
463596
201627
272272
822741
709285
740102
220622
273614
869813
830511
211253
260505
418769
512695
265416
228563
998415
836116
703781
874053
277785
570872
402497
640985
352645
903785
600886
487408
689012
855866
155681
256737
985329
613805
222916
233824
968427
714087
690786
539646
616386
707617
625352
139241
409514
305742
890548
492741
529201
784535
534450
123180
904698
380782
927852
756678
252045
469245
224804
515551
718910
620764
735653
726345
270537
252580
545758
187775
330180
796266
434460
580474
150918
897464
831476
755711
304060
689502
851298
663024
514669
541967
887474
964971
363144
346135
163442
793521
197567
173855
688288
322127
743226
333049
784838
871557
612750
255210
350599
311440
845239
451063
612307
312473
953786
544697
729261
792853
272843
736261
111541
683825
473749
919958
505870
315203
768367
473760
763065
221952
126206
687042
560481
394323
249141
352106
736942
130123
124838
228757
864794
453044
708881
881168
472092
679279
442192
528239
852695
735212
613695
972931
315515
362108
715222
374058
382741
285031
460229
142739
475279
525542
272786
538875
829767
690652
273133
453790
449991
466944
951568
990109
411738
627218
742833
985640
308672
554552
905320
805733
583906
883593
261790
525898
933989
994434
130955
719061
692848
414869
561747
632014
770420
275633
405821
979685
495613
476847
693264
264543
453398
719493
888230
239796
426732
391592
636426
395231
798360
688784
401933
556580
541923
786714
502809
860322
518054
969367
643136
829020
168128
287215
175098
565180
472758
971927
167340
631642
467736
254236
402769
333179
513715
238984
137028
864621
289189
230364
141061
854927
253159
417478
623108
275377
635563
408069
959947
290094
249702
785299
994493
219975
880728
389605
341154
443047
372345
788986
991421
970255
125218
904661
523912
954700
337818
624308
906718
828145
639662
545712
325800
919667
269139
576271
585796
690408
246336
719117
800709
584091
719641
256056
245399
530450
899994
173312
901646
921202
263115
921102
313090
873317
689628
335884
305136
142207
713811
317505
931253
750699
869862
635891
502417
861761
748215
128814
582551
984821
807717
152333
482551
519199
447076
239741
490195
792253
526339
337003
122505
823203
535952
727577
671346
669973
512501
269513
323264
276210
976121
299616
805100
239597
241679
521647
112569
634504
659681
462440
471591
707970
664363
391958
396340
150670
653323
647936
351403
156774
491602
689152
312143
190425
537636
490557
940401
955372
602745
134493
939960
472144
588050
501096
558231
176290
635345
328010
840125
866303
732557
336506
453811
942769
359110
650497
787738
440714
754612
837365
256111
787106
252733
251395
605041
890016
848007
831621
279604
682881
607457
328747
420697
842969
775154
235903
142010
745015
361120
817376
950739
120780
902995
938130
696599
329265
454209
904343
365987
633119
143975
154506
872996
654011
431703
344554
988644
703542
472569
453990
461006
346565
170916
677610
488604
546404
267208
351920
604771
839829
638250
383309
315353
794462
895568
393122
722512
716483
940569
350433
925286
660290
280556
364129
851748
461608
287723
772492
516826
114157
596883
437675
269362
512361
204430
133151
968387
187338
173005
710925
635811
634378
965662
442674
754624
629142
792690
859308
430205
398559
449236
827581
642278
210387
725922
963022
808963
242746
245432
908536
917293
850203
450616
339644
762891
865061
721404
621083
388423
577565
612568
336007
515756
546090
663356
428689
151898
909591
820397
609001
690383
613347
472950
798452
795388
774837
632207
140733
561072
349086
131996
264564
465473
388871
234990
545440
498064
518300
824563
393333
337969
714062
613675
325297
299201
386863
280326
779902
236773
270442
612932
250626
461909
711798
610678
498389
787163
540405
295667
122040
643023
568593
439169
337661
351606
903600
695014
976497
338430
757270
698004
423701
272545
816922
904178
230393
423646
675433
130570
950314
377413
352006
128847
291513
206278
122262
684432
716237
773757
354582
120880
954646
829340
767029
644507
878678
354510
453561
163932
996347
897760
889429
370616
771764
480061
920869
803295
505502
658825
435377
222328
665447
506228
214570
391594
176524
212124
889857
324546
626047
929778
346988
343273
921508
444942
348334
314154
637107
787457
804669
187045
125348
384129
814157
253890
432727
618117
978238
211139
620277
334714
917319
713628
919472
766693
187136
476168
970056
669565
394176
419317
122993
664223
211941
121816
849714
423721
705826
610799
136879
915514
921969
372371
802550
140291
903972
459857
191203
382734
520133
378378
409934
419526
523371
601345
989496
237263
375939
434941
184031
357948
181065
681648
484790
248991
898341
883154
415608
741191
829427
802529
982182
914681
380639
597282
242400
390112
880383
545293
737144
286623
530868
792680
480530
410066
696782
546181
864062
931309
237411
466538
570057
137155
593470
335410
290850
775237
702610
595949
591928
761808
407563
263155
135382
791377
134185
364742
654643
884299
920010
299351
865948
652279
439661
202238
537872
555801
225259
409965
804799
931651
174517
693547
759179
718262
924989
444761
465091
999606
843694
983537
845858
945889
297122
327008
862688
292496
745514
435448
123547
338744
135192
654755
442433
719782
333644
235969
856273
119982
372190
269437
367653
748810
128342
688643
551477
760144
387296
355861
190757
382442
279970
176153
669540
623891
210795
312626
828577
267949
974527
715882
129148
192023
687308
590620
117168
338222
253288
583675
816013
335957
645175
366816
170107
257030
770449
847604
833015
601534
620825
890308
896301
805946
204639
867887
123579
439966
404332
383511
769428
430271
816135
396220
429311
310506
912747
416280
735675
510086
466531
531748
713606
413530
258630
492307
941758
359652
894257
599043
206806
921261
735101
394351
496346
366513
296316
411916
744429
382051
231528
914026
874367
510196
638293
171820
173201
480634
641439
371565
618483
762871
843566
487571
515142
120562
149535
664856
117335
422885
433290
695819
447489
796963
494234
681189
164914
127778
541201
982034
192336
280217
804126
311890
970876
897045
981282
228182
832629
860487
623196
777956
340137
377046
876869
717336
767484
617514
252051
183907
553853
701955
862412
746424
377237
449299
508962
293241
726485
477193
735512
789047
426903
480448
616860
235769
841519
816833
463082
801420
334636
504132
602930
942068
616172
847282
186602
660648
786858
686038
667942
853067
846578
922711
990600
232033
207507
844761
471469
289934
917181
365054
398124
346643
812051
289266
371409
468424
470402
194227
249888
668568
574995
115071
201074
451671
142038
796985
781444
980930
206286
607589
400374
243888
366583
260151
324596
441857
799508
561985
720195
662738
565618
451955
422946
368776
585502
365074
993753
556849
522153
224127
196029
114213
996768
309334
276087
484829
402708
815408
429039
895334
599628
377790
961941
413530
840634
836509
849140
218503
566054
593987
123733
622493
222445
391852
471469
236257
181537
445971
556974
684757
743865
731772
413959
889931
977083
490024
381920
805773
539303
425565
774636
801088
224132
637627
310677
763708
971807
419807
935295
889746
798567
773517
266378
942469
430603
343877
669862
846359
914709
351574
664717
495089
615414
711566
381027
117138
363294
356879
225292
786065
916151
547652
265751
299922
136870
802815
818034
315732
420558
788211
432072
371695
133531
656574
144961
257707
636231
190029
496336
285696
414295
663479
795009
163888
329355
487193
740017
990204
618948
847157
710560
771586
193025
481993
356186
621171
774041
290962
984150
876032
642679
670653
893040
885178
429063
263441
994071
119609
680220
742585
953384
992123
999788
224280
540421
121230
960275
730457
297584
562972
325154
762895
319822
856822
843067
562195
752718
216773
415459
835921
907717
125285
873902
495276
357649
274416
606471
195290
129991
667277
588171
530386
344088
337679
513984
834411
910020
425008
180577
190813
497040
292014
637481
240839
458498
285023
224414
372447
486747
765315
804793
475698
708553
774729
681317
870109
279800
566672
558318
670403
449430
161967
954379
236776
416644
653567
592884
649408
560204
379548
780274
485711
275762
297911
832998
744506
588788
955618
144220
777678
712202
249412
747922
850119
432377
802537
757156
227859
657254
853471
987607
594348
361170
424899
924951
541678
715902
858077
619551
249056
797354
381233
467796
846302
895045
459439
503907
543620
124231
493916
710793
217621
700303
889301
922991
882419
436921
326032
943594
714450
242620
124804
294813
700966
375955
797461
325437
892987
391105
198326
501903
760716
669917
951593
737650
592142
468474
111948
136071
417339
638289
730668
118311
593921
516294
488482
835105
202763
236884
597295
216888
923269
898024
807962
723301
558353
492592
926759
928432
755720
970597
900791
216826
860689
380665
738221
473610
278619
844718
514073
398540
124140
747624
120273
462031
572712
382732
447031
675048
494826
874667
443902
641690
992299
578517
972589
800227
834887
570996
203786
556154
949146
460019
156936
440738
164102
458396
990516
515060
303572
890220
377516
379150
458283
727983
368086
484552
258130
790468
479991
772009
268022
843918
164758
665964
799615
359382
692094
730673
333929
255192
742895
653832
468467
401067
700920
899488
462725
961707
113459
201815
245448
489816
981579
315161
443926
707746
190343
632934
632961
845679
262473
148945
378713
878699
792677
981840
441741
941342
458406
982402
350065
241650
798239
394425
593130
260251
739968
608241
559484
519775
588654
246063
900569
879137
702938
629857
202454
443152
654815
876442
792829
140480
280595
789560
930350
697164
127271
838143
111417
236016
759743
663124
992829
893940
174604
177046
408175
729751
593763
642190
637311
187072
389571
513104
481485
613065
565209
244444
852414
968402
769340
972315
543779
643995
763934
647496
766714
804655
139762
939617
197062
629138
992601
472611
505486
523498
485591
244101
872393
424924
520037
794619
502743
449622
245418
327808
625728
721666
598700
169227
646607
525851
261133
438054
527972
938188
793411
200734
469767
899066
741459
256646
796448
295609
929457
197931
848343
499446
404268
562734
739019
157788
793723
904397
317429
966727
895754
427959
503199
235841
442938
461207
808959
552074
552799
415717
579638
758481
756333
881411
999869
654668
132167
870171
206679
613726
971089
207559
344522
700916
605571
745702
729478
172005
887946
619546
262321
907215
168649
269607
480994
637807
955642
841310
622868
790778
828851
273911
582330
225217
671538
609176
702985
436975
345206
840437
184713
721054
468074
465361
735191
484525
843954
181844
975932
402651
423937
433307
384692
476630
297209
952376
990999
325027
349375
222042
387954
328256
141848
901474
967726
222526
619849
596621
536259
543146
766168
279837
964912
178846
734292
665233
542370
398681
647526
664221
338749
336223
987582
564174
537879
956180
902483
354823
402391
458906
615191
819493
526668
959381
589668
729237
384293
393303
278835
964290
156796
746626
388074
985205
843829
157857
263475
898411
546316
571421
991730
661933
985375
314881
421610
837938
802062
829268
178628
415228
713869
425527
142702
624301
671217
733766
742336
263070
628418
524675
612941
255900
929458
932738
561528
760335
884984
688282
621481
111845
435403
362458
750024
799382
445478
172631
540328
545164
610500
322205
729703
378898
585899
971125
395824
207970
593739
400945
743845
146844
569833
188767
335106
562686
735869
272729
386221
608221
980731
632258
528578
902348
960237
489293
550325
475134
407745
858116
714768
351236
670604
152361
971533
293771
636781
256989
601134
571828
568359
459867
507116
364502
864774
850395
844828
570366
795203
795494
608742
885541
382700
671641
562729
163374
843452
938930
388725
446982
748505
736229
754239
646505
272812
573681
305627
706479
235532
939259
153575
854975
666306
158555
220285
908794
979461
803414
881898
539237
446784
187109
867895
616291
476169
841255
458063
900286
738856
650346
442372
226559
858037
683271
422951
987267
283107
573611
198202
882597
986960
878776
246689
631696
125483
830658
599508
876018
460668
351351
111759
747448
460996
478109
329780
638591
829449
825253
547948
305765
911717
477585
571994
719116
344396
626990
945660
393865
349404
430104
800777
774616
788396
700411
139439
217409
619713
566771
182048
225630
638842
845434
393091
452181
392768
409294
799600
329092
705650
303157
628581
832252
324564
271397
693168
308576
840197
992853
574456
631437
911698
857979
904892
785436
734655
165704
373228
816518
842663
849674
602570
529080
180745
637422
547694
224942
484324
531260
209955
853425
570369
574083
587313
337879
750668
680942
838737
956376
674261
828155
331874
770498
242058
368467
802064
112991
257364
238771
459347
364488
460654
788311
760320
445352
876718
340707
949614
304123
133773
789277
999215
311924
275396
695146
178642
401885
297737
860867
686949
610506
446796
225549
800319
611195
193673
917266
243527
194380
659885
512124
130556
720460
840960
943305
248655
393597
607969
665215
118151
312411
782690
380936
847717
910741
216283
192642
785501
690257
586221
699843
839190
811522
736291
686995
999523
617463
348674
688752
733846
463361
688606
796194
915307
521121
768817
294524
835105
235275
786032
522978
400501
812056
134555
803814
528300
977061
508675
644564
667283
457731
228204
366130
572427
200697
574660
625278
992379
230372
635406
569441
827574
297414
969334
176260
117280
993702
182415
481920
284330
303834
431371
158368
318239
138366
388808
785105
534189
400881
545783
586060
898117
418540
560766
451172
646756
481489
240689
924589
547072
242546
569924
751772
485501
550129
637050
928188
574504
366529
434079
385348
275532
788223
761059
490486
410320
289938
881441
548857
393956
551607
579711
610881
475295
766601
150079
345332
942070
720497
854081
274556
199169
132975
258164
415768
950633
825436
714971
292800
816388
333775
996294
603701
112856
938464
579331
842460
954351
626048
918370
558473
966459
881780
903390
959125
886751
156720
227675
143442
300621
182965
665833
767496
459982
205755
348727
628836
565586
871402
969455
378377
611436
260324
974523
711467
369933
965203
336212
415770
241036
397627
450113
174437
514014
274401
736243
610444
734844
159795
635474
122302
647970
834177
711503
517628
680823
116466
936843
483347
679694
217387
215480
722795
694363
237553
857746
344763
893102
781114
751293
963171
206545
619539
805784
774874
949349
179050
300810
905556
925052
243081
817163
984399
338644
167427
959059
214421
194326
644448
390236
589149
927148
603675
990964
413950
318490
923634
853227
705394
980898
346751
656642
275726
885782
720067
323963
528143
172386
363222
741010
694129
752466
342327
800909
985284
953548
520573
489065
284754
312895
385691
908631
272045
222765
694624
426448
925147
178762
425494
979372
385450
471822
369214
970742
532629
562704
179602
590770
134051
642032
460447
990193
202809
544270
150907
351780
799333
705047
919475
446438
879623
393637
925740
456684
715335
867894
368134
564830
736755
255250
697985
441918
869516
679962
850748
428686
657093
794544
111163
707850
493238
827134
516436
403831
548783
511525
363969
573054
770992
441569
661212
687908
807158
159368
705189
565870
939698
617356
149877
240988
765811
791351
426520
499565
370641
976583
219106
680216
151528
930605
393343
343590
194996
226527
326669
747885
147819
492374
666280
358892
376011
583158
217834
751787
580154
832643
449484
762937
245599
414232
151177
623460
815041
676405
980917
630348
429554
532516
866114
128840
885314
448373
613712
323245
729754
818940
531254
164911
855307
712142
953288
128480
284707
645292
599835
453248
455798
829057
816642
466089
132262
561757
560422
292310
130011
428821
429989
638777
999155
993084
316542
574101
315034
723144
416491
355440
370701
828483
886878
205004
899638
978612
996718
221178
581432
536291
894490
367908
291856
829249
148661
887848
124872
950145
230856
507263
901617
730105
254590
619940
224447
203991
238263
781115
360737
191356
443289
378266
922513
261164
253857
841507
818534
267256
461498
997284
510963
289453
950198
697974
691558
684540
658109
678518
873891
977261
117491
496421
477523
229912
862295
863148
236563
618814
241444
769963
409068
149987
482570
777466
949768
215222
287157
442064
535726
670347
815520
235178
164215
351949
370855
301325
307466
431370
415979
565381
691699
931676
459648
544109
545129
666333
565061
743555
696321
811450
499284
558974
348488
615044
520597
212141
791297
186016
231798
273375
718948
129993
502071
693481
835384
324343
493018
693903
150572
192527
966854
796708
535996
992790
665744
758924
351350
971408
208826
760463
981760
389085
953158
882736
657916
444931
174107
779288
525589
498393
302898
429874
265996
755529
401306
861219
593862
592474
249110
874159
691862
330749
523590
356700
756735
322205
423915
853292
279569
632044
288996
258680
531578
767385
697445
689079
587374
879557
544778
147464
615017
389470
826218
943693
455138
482454
900820
861367
911299
149122
551729
437061
435110
642010
744809
939186
134565
300275
161540
419922
167257
754051
895077
227257
471201
238467
428650
901173
948574
227020
377807
638476
867079
917517
948392
126126
314189
745320
155741
514112
259279
159425
722637
528880
820102
719039
964168
994501
837261
260501
123034
646200
721623
171067
187271
200256
950631
672153
418540
808489
715340
329912
607702
507369
290981
797791
235148
333235
946545
421413
410310
788667
594384
169890
850828
898381
856669
371534
177308
893129
833140
514099
666966
442756
848394
423213
893667
186884
236693
635833
530172
221259
604708
111990
287941
315246
871080
543335
458256
728520
577097
958638
586565
535808
789600
763054
879937
601843
363866
617614
699457
564676
387048
120049
961742
533543
559847
576906
220180
461584
148773
144747
423747
714365
953802
830738
527010
590575
908745
336984
356389
997116
869044
695966
519895
430837
570320
291168
496628
151960
245610
742063
512798
905707
297349
413261
893841
580057
161759
173943
743256
291873
646017
536599
223389
221176
609856
210556
872501
542263
444920
202527
220521
531095
365097
881376
701604
365772
189415
697210
325743
935638
308614
263861
275002
186629
152561
194896
946266
932080
667077
732586
432489
359459
157475
300891
973991
404222
941814
266375
995739
197225
718541
554077
749673
280097
334655
515077
648505
633627
280198
385631
917849
786410
244323
231061
674867
513037
791700
774445
348661
911977
178045
236270
381545
723276
160345
118533
467094
322983
884884
796524
656502
448472
427554
623590
884429
136514
789064
492182
990770
202195
170706
386430
970259
752244
367906
613170
223076
187426
691306
375849
451126
961154
260470
813150
869454
674312
898228
531209
824250
781237
642344
657454
201115
455945
821391
969424
626185
881067
316361
677171
129466
401932
458134
978569
127620
781975
850574
368655
913994
434391
698179
507522
251846
310524
141865
273459
796829
286576
721490
456872
558588
963961
357356
516765
896510
254731
816240
831499
565784
550553
583086
302341
954102
475588
954258
358824
281528
833089
853205
482327
786516
516478
584774
747920
578715
759811
748167
462956
316909
444798
178086
192840
256805
580423
244731
645522
761022
977984
972722
156721
165266
427929
185206
801882
681874
739600
471186
166255
814722
738715
354845
855304
463557
568110
808736
728012
687286
264720
431736
724052
131744
820978
799506
326980
209761
621157
837531
683341
291784
333177
770123
187398
935524
535413
212845
173213
555380
953338
794235
302364
530556
670652
966201
346030
489947
502044
638486
402171
435729
380850
235723
522642
744012
258721
509470
682452
967033
222504
676324
663301
245016
622933
476586
523093
628589
744632
937153
976693
838445
883306
257893
147074
602548
358913
644369
203901
314136
811173
646461
721767
909471
260958
578264
385355
695817
848422
880741
154502
983113
344270
425994
273193
204543
716459
632729
333131
606313
968559
494850
831034
915523
792547
948671
778165
442921
676310
993577
374271
488562
554074
854726
299408
998227
426184
417088
647006
650159
245826
227750
529346
425752
459092
438864
960910
841761
694992
724347
412731
854542
242896
712561
637258
228481
705444
638767
474802
197515
580929
132073
277325
640361
685689
601758
223952
287092
322054
399730
261739
661751
178869
642232
980703
921831
831812
465932
112960
782702
359504
914656
466779
627210
224992
648694
701747
568157
289811
567318
571434
462065
562376
398377
914608
702998
113280
899125
123733
837368
227966
258239
720349
152446
180691
297775
252965
136031
654345
199793
452897
489369
773120
155195
980461
255267
237309
255429
579660
278019
203675
639643
439176
952741
982565
232090
702059
636874
805386
565376
753092
818846
121212
489217
157882
221861
624402
715927
367199
206533
864742
391276
354511
383695
855238
770142
345252
676130
836194
818726
801693
986217
620373
988558
901260
488207
710781
328687
377787
962678
463396
769486
594589
981025
191420
520201
625364
939462
741750
785271
345779
211636
189295
553334
129081
741040
974635
725284
714302
706543
807808
213003
463294
550416
179104
120390
191083
461943
804621
533384
727265
691659
386678
348565
636467
286610
258386
699360
597191
504554
538739
310866
540808
854456
350632
874056
703232
796081
931914
643442
145773
523943
355776
663130
784978
486190
927068
864776
873331
210185
872149
818747
808899
287263
449459
816568
206794
261313
309918
865025
253041
161168
227535
244509
818337
518796
802641
316675
256421
678925
173847
163731
415845
761734
462495
920751
450731
390551
856264
729564
454717
943479
356120
391699
815508
247187
812605
779242
634470
216217
344583
984298
486751
728538
225445
668954
596620
874469
450480
516868
550417
282873
940598
398284
873674
845620
409551
639737
947677
419147
414459
177998
684898
228103
620087
737898
657286
808389
374701
899361
396169
528990
510011
446027
165861
418261
324852
382585
915375
957708
813040
155912
633275
868455
522068
932753
582109
145549
875926
441738
810202
797206
403377
638145
741807
182311
391162
134919
334379
628055
752305
641641
926822
759825
422168
785128
885534
812954
489403
965221
778609
260983
622704
766087
516794
444832
358427
906179
300417
258368
147365
710535
182421
322451
320080
734684
673013
113668
401775
313090
775141
514280
294746
144396
232667
148008
444015
530608
140783
833860
416007
971189
895204
248455
633639
431080
961956
794171
546627
955802
809238
858017
776540
498458
223757
464326
868898
931565
628585
638443
807315
278490
117454
728793
143101
375405
906440
763890
678491
794741
988652
133193
253451
316455
901827
146653
559966
996053
846764
910669
316770
153803
390755
186958
174118
676651
566215
704742
726440
165901
210589
763469
250014
959314
582344
866314
259737
455741
262190
138428
560553
483629
401552
129138
967207
892208
780660
697142
231754
911568
382499
393778
655658
366188
472226
396740
737322
866575
904810
613445
449755
288644
843960
991339
668065
273334
164493
785152
456193
633871
999296
690959
501742
327019
122050
706131
439965
195900
713762
922491
476457
762432
419630
634580
452528
578779
602264
361184
660255
145464
193018
301620
346122
678347
472292
567887
511882
918052
993970
650648
838922
338931
299949
264513
952234
786517
733854
568677
912988
483427
844716
901329
566285
905182
654074
456917
471671
677842
671965
358216
111792
741693
363508
153352
425221
347114
541647
385429
712408
256579
117732
680634
220921
962488
664896
922652
452998
548038
270009
852256
722971
883575
540235
150511
388478
488028
911547
614057
135231
748750
594883
369291
932283
588607
542239
463127
330710
970358
995822
343642
617455
877317
571139
219957
357926
660872
843390
607341
645290
239597
475444
195288
981518
602433
243743
466548
515719
256440
703846
766218
430993
624964
584136
600270
274912
477762
879403
940521
245075
411511
803216
459917
208952
720012
865252
133839
832627
290651
576194
439640
675979
263536
858991
509242
162820
526646
122922
341959
247512
514492
447979
204658
897783
701474
648892
888959
112974
361679
939649
716573
277494
543532
987882
883531
484714
179447
788172
205956
443348
792865
260198
729973
113540
929806
537818
573221
444973
278957
281537
931407
985285
668158
769399
786066
189517
554507
357488
465696
961347
843059
649561
923098
184379
270678
303441
248413
553502
968996
502746
365531
392783
537651
767700
704471
238065
367434
280412
198430
392695
680452
448935
812094
863349
332200
420311
170029
947925
485138
836633
310400
571674
485820
278677
138852
877756
495473
460585
885140
397103
454299
808414
302912
350034
664142
316976
863465
906088
946784
305872
651692
563080
502558
914984
433917
135724
160955
513641
895733
868283
957790
885297
200756
607494
968653
136480
402144
184597
771571
738728
970935
549929
846824
331428
637550
116724
614416
562112
731505
413533
957522
855076
500374
324248
395986
769702
757421
398589
642850
690231
604687
856051
987323
306507
829599
556050
504428
822446
382736
861895
328316
895366
278084
479483
742145
686872
762439
293670
532697
175505
743321
506312
660676
615110
444932
329474
834093
482601
504765
163321
960067
984793
769068
223018
537112
557743
310684
621729
795087
898422
584235
847600
164569
302980
410130
205807
197755
367876
738304
474034
123118
494029
116342
543346
364095
196222
537881
304013
197171
156780
163635
408088
710920
808514
799558
652963
326739
270298
131828
457929
763399
460393
403694
621523
698331
189280
568579
477873
340161
299830
624039
650549
140985
864166
479761
508682
272978
520728
459985
805200
113688
902412
236255
430117
219842
771446
719590
166000
137708
377288
800410
910999
607444
473859
927578
581479
564396
633747
430608
305276
451978
519287
140007
257009
608456
723736
549692
582056
946504
796467
964331
906608
680990
413100
820062
370444
849764
431545
175058
790600
811753
502184
658549
229930
598645
997722
833393
609751
803328
697734
574996
175127
127384
715989
246698
295885
871415
493616
833681
293603
240680
270952
605688
174812
887070
975049
117910
725271
286922
639510
737605
509997
181032
488855
568498
849705
286356
585571
605412
599516
708841
481907
535568
970172
872939
205751
889953
835142
372668
396767
334174
857066
598131
937497
931824
578359
983196
810942
205934
897229
915516
605775
278599
608146
758140
632385
116457
958003
632514
532665
975568
148595
905024
171305
424532
900077
506986
417632
832307
616574
561559
617567
600479
354055
773652
932486
197107
987954
484026
113382
471104
958368
966265
458583
950914
277383
325531
824448
307180
400673
798966
399933
652659
453401
943592
252423
855331
443750
639439
511364
925272
677052
199533
779434
700939
777094
243590
518705
318990
531916
732863
392984
267642
148962
706898
399581
253796
634006
995594
156200
403603
204459
960914
524039
266527
934095
849442
138878
996711
470436
129608
119570
218263
238251
578007
879792
595904
816149
936583
718583
482209
180460
660566
772385
584697
290520
263091
911909
522491
431591
399074
371955
789410
966752
448812
887376
572944
558661
982178
260136
195957
180545
566442
836941
513057
872860
609226
207292
377128
194297
625555
743601
651595
430594
567900
156834
784405
787276
338900
335134
477062
607328
867526
482616
913564
583615
158443
358892
347966
655979
812072
756090
323664
161328
706773
335685
242969
755091
529166
956233
243792
428737
532500
499839
277223
572449
821214
227562
405018
629870
133201
550220
431401
238221
744100
750316
650607
840993
240989
145173
275062
769479
532556
757497
359589
569048
483175
206132
802028
206859
296496
571035
421712
356021
154675
542318
491145
203304
536156
243584
827888
961799
186137
548352
161119
375058
904290
139622
436867
750854
707070
443407
276750
687219
992998
985746
847705
742312
157271
443699
251913
730149
175260
111486
493756
297241
457356
721268
707218
824004
382174
560175
763610
829941
932581
573036
977692
464754
228289
515796
676169
253875
133950
471732
839090
269786
565254
179665
666868
420179
861334
821308
571470
667523
911311
796069
261963
943481
271018
420498
946901
680993
931562
678176
189589
700624
205965
314185
946154
698253
575955
373176
482717
210297
791654
639716
284970
310735
707471
500269
677922
290073
542330
886282
322813
419228
464235
594509
846934
755135
614535
480931
504407
348291
778646
957477
438669
772529
226673
522724
445064
541345
811052
498721
807128
628303
336021
628407
703191
666958
163433
163069
447619
215524
880962
748800
144103
752001
850208
877699
581753
501291
254736
721748
815350
376401
503468
756812
253932
721304
171259
807373
428300
778671
579530
798261
491424
934718
951132
876497
822223
151776
595554
611115
988113
173428
224195
241017
457679
997311
471559
893580
878393
519107
263583
516644
436897
640688
214779
953842
864386
789811
998119
387354
977713
513145
706593
545949
220207
129401
873609
548546
371183
898424
926851
920634
949021
681818
866201
877821
232294
821448
413845
244873
720456
226178
262154
758450
423508
171649
570882
816207
754780
163431
650651
631195
599728
445487
791658
407857
593380
487839
906181
840668
222024
287128
707267
499876
304996
624833
772839
441298
760849
412849
432127
703057
538669
500659
896675
784573
863787
134169
271980
487162
998934
356405
984359
366378
635371
743202
201931
784518
209908
343787
743355
244391
807011
523301
736364
187858
495674
170420
270478
680207
484210
128872
853646
527241
256962
532060
316742
406889
319603
258087
654706
669205
171143
384134
123251
400308
823751
686487
219251
626250
187827
566478
300764
246125
963749
787487
551629
462295
833242
857152
840097
893685
921995
262662
447749
690021
433744
396154
886666
950246
873988
430805
115450
386331
483805
703521
345815
769496
653726
927568
215655
227490
502098
637835
818284
524944
405733
579932
907515
849633
814013
341057
872094
271843
953898
982667
754163
980476
722416
783572
904536
118416
687192
471107
756063
853724
493444
729225
624649
294858
280255
682567
829829
259222
978858
592199
916156
505827
130878
946867
437044
723193
600538
445272
191023
175755
800332
800958
173972
802369
375234
965216
864815
217334
830558
841532
531396
635732
958151
364533
930449
320030
610048
999172
290581
839631
508534
650882
137504
991323
230801
973328
979154
354476
610901
455339
372350
850426
297167
342438
397012
878003
575708
940233
698810
499276
848579
154419
825754
281908
640874
511012
975134
703793
544537
362939
933122
339611
659260
525164
501294
715488
346814
771490
201603
789666
491313
158171
308939
323332
615502
509360
255250
896337
717078
916172
508679
325876
726050
330804
450278
210325
154061
613515
563565
127354
991545
535542
834658
343990
529406
964047
992282
614090
720924
609798
119092
376376
180122
836432
429904
407730
803808
671897
369097
563566
512524
764657
201666
918153
343342
565507
546905
470199
312209
377056
684981
211467
646683
337945
786035
341053
558639
869013
712346
828861
575369
537516
939577
308483
225627
404028
484561
903898
333354
152871
449188
971830
811187
161245
209588
454591
286463
333072
265870
427754
533655
494165
302521
421599
458576
581370
345506
718808
273625
964975
388284
296793
705152
665544
367379
686205
654930
126960
417686
130187
818783
915952
561672
859768
428510
437705
648430
717096
256655
767240
891556
208000
342043
345482
555800
158060
252382
343168
645465
950362
957914
405628
558057
509171
646180
753615
763796
914610
511363
211273
932236
616859
809546
639723
620192
462511
479160
723439
522765
408071
170687
290611
979701
186276
908411
954434
574598
461493
662050
885124
775339
391325
264907
416155
882551
872225
363913
808020
534856
658231
117298
953460
241680
708242
838091
824961
980788
529347
962321
893397
497176
994639
823716
476524
297335
700165
261862
271169
967708
569255
759348
167996
959392
533164
469994
805107
840385
654360
417211
528759
237615
885607
612948
763200
949137
725353
853537
451863
452499
409850
499577
560749
133134
539849
646561
960868
696729
533451
639245
940819
901469
311119
894842
533043
949151
700449
250658
887873
710989
658627
353041
884450
829343
482610
828687
560827
566218
202319
768820
707161
470482
204319
361207
190002
356820
337407
676193
131003
252767
703317
431348
724735
273822
219409
317558
170139
128555
383270
487408
989411
347759
829722
526742
804590
877079
483844
897350
866111
137181
778468
246003
611442
551600
294570
451170
808719
360489
766765
971142
566349
484637
739780
165292
831781
953600
326039
905693
971177
817650
338581
475905
454526
767042
277103
990136
530350
317841
886285
855951
762441
903083
948961
303504
771092
527761
869734
197898
654584
654990
705770
984435
335946
920879
928884
898380
190996
760231
904556
622798
441383
622177
809490
305412
342481
811930
408983
821400
946307
608534
520849
651584
891331
175002
448858
771483
395811
274010
376883
295913
450514
576388
941793
580355
276123
571374
629517
490332
405643
718379
756748
732636
289457
650751
272394
954372
415116
595980
590536
209201
224555
826007
787137
853929
445772
379343
784079
607630
827475
572800
786670
340982
986006
513695
405159
423419
657400
990870
896060
864092
544754
185502
568797
195870
832381
918152
114123
422404
231915
408322
975159
322029
996919
378411
610342
355279
900669
668291
841157
366366
610761
619011
992741
506975
977370
243103
780275
996953
620980
849785
592732
954980
305670
431695
121601
956202
212265
501122
239519
775938
985206
319501
151068
717613
533929
273337
619949
882324
703556
229490
502817
309853
148669
215049
933175
300915
670864
340746
645700
486340
316087
929524
122026
190663
277678
652357
544631
504067
937761
399481
656321
348431
846213
598781
777015
772833
855272
680269
153586
769836
704845
874467
517294
230393
386541
742928
732841
266466
745340
512738
828106
759069
614468
217614
683207
280245
218273
182758
595546
761413
936650
412323
532220
917045
891013
543549
970357
196858
811902
406881
152732
845878
850199
382461
609018
665185
900601
817511
936328
500384
898556
614433
124164
626868
426417
769319
550551
678690
234184
523150
314795
836757
158962
952992
617912
686104
334471
916705
650164
555096
173405
238465
161116
308831
667324
646739
816337
187369
616154
310459
340645
358089
530224
634034
425946
742384
616278
797769
252251
737390
862892
766431
838896
954378
919955
880589
419389
909202
245651
897834
376797
416434
760198
367770
794341
532603
518722
770887
409845
374091
423165
864350
562851
589427
156622
936880
534299
965041
985644
568499
836737
789902
141600
492196
629063
888492
646818
823825
365964
514023
926604
267514
411671
827858
664520
175812
918354
790697
569054
796222
925770
842683
588070
222029
319167
734270
507828
267332
278118
958885
445330
311075
523440
221646
325592
264854
452371
856772
972115
288478
822595
260602
426403
621434
358995
886332
935803
120323
411129
395354
991367
881062
161735
609706
924825
853414
914182
873369
627639
573356
114348
357387
832146
963977
851281
884125
829878
317325
434468
712613
939511
441052
207811
409251
919128
237787
780593
195312
303395
261590
922511
369138
372421
259912
255308
782466
223055
340286
464315
270126
245647
898086
519350
138064
627411
754625
176636
392146
600972
433737
496829
517150
520153
908727
521556
160971
854568
557630
834890
793823
685676
659988
728784
938611
840801
144703
396599
597025
300092
946360
778466
393436
295326
354240
660459
636706
218719
401395
867508
393138
132933
474300
186554
445180
423639
266888
654910
824534
992095
450499
791708
717130
834186
440786
289869
311740
166184
544488
705648
708467
445998
383110
869045
986175
430976
581111
809362
845700
636929
182047
522417
568381
627237
921385
142451
803715
359388
965481
571977
965529
373454
862798
690873
646577
324405
952137
487820
286776
291028
779234
815147
753090
410400
236198
667894
702591
987775
328374
851528
636856
289527
648031
569010
882975
724959
567372
778764
323860
678765
912536
495085
423748
405960
217257
915913
179795
187251
474908
471295
912240
328684
781774
805888
935790
229792
742645
616955
332855
892878
417150
116860
188538
304422
970388
487584
952598
239175
650376
980867
494565
690351
494416
286928
299316
904908
870818
651740
285756
704043
611946
895826
475708
191875
237232
505922
273751
726085
426099
436851
983819
872460
181359
570706
304612
118138
271683
658409
549155
843766
484883
744909
487528
276511
329281
338312
552395
392511
474955
135547
234969
674803
471440
368404
511843
923972
254151
342182
835578
277803
559617
652493
115324
189449
375014
925224
577281
507252
397523
746666
114951
857031
196932
747925
992459
683495
833119
331151
188842
884954
303693
240278
490570
366524
977251
581015
135302
378765
331576
844906
740268
561238
960502
893004
989835
149801
665688
954309
123338
861075
844994
543465
794328
873116
413500
597468
121795
299705
473177
289971
827221
840554
824699
130123
493690
791972
454249
618334
289020
468781
795933
175166
560336
145617
144416
754613
940372
706595
923014
392121
417953
850189
739032
934398
366237
979158
774428
900322
708931
823908
865661
128814
954510
722495
202146
472864
212451
898077
685352
645486
269804
429620
329638
527723
331989
273508
517581
227519
795843
156955
720130
397514
571238
930722
935572
232912
854177
526837
583567
586702
488769
501370
585499
323614
769580
588001
351582
373398
317799
630937
613146
175498
380292
275125
883927
916682
611713
531238
620100
336119
261822
682075
127474
814738
436034
761605
931522
112757
871055
850113
165456
899014
175081
405197
857167
328362
722648
621134
441902
540051
399851
739719
482402
296751
820302
697154
714024
489046
858278
676932
709337
577242
407017
323777
747746
952751
413777
596902
711356
417004
357143
923452
553171
788252
826062
569550
217505
431345
240556
930308
131587
748244
406897
325281
175050
409867
805227
234314
462429
885182
266856
780176
837949
779992
115585
580095
275288
431736
162446
512016
819247
136260
605131
201164
864412
576295
620721
301490
771824
849454
993356
139894
499096
393347
681021
840325
775668
571591
642726
923733
992823
788193
399258
941424
539449
862515
972092
994629
443538
939684
610207
740674
371154
527141
594596
666453
514471
413908
594878
137691
986905
952695
881280
677907
235196
429542
281213
238518
318668
312095
537980
638011
162359
937203
135337
503970
716674
903881
662915
796490
635925
894976
356579
219318
146520
768368
641123
481692
677498
214153
935817
439342
985659
991744
389726
115274
941773
238752
512532
784231
738131
425124
629449
700348
726281
228573
357282
127268
809276
520936
431959
814860
477513
679476
495261
647043
164857
918332
342101
285306
876903
468459
568063
782030
986766
485284
743334
944185
451603
150217
115047
253178
418852
210710
480455
830399
413356
713878
523459
133405
951686
269072
652836
799254
122838
879092
730892
667522
447541
204038
461777
917807
939370
710778
522912
740621
815761
435115
209230
914550
410242
203852
304063
994597
316440
325134
267833
737320
625653
362647
876507
762125
712585
459418
941194
591260
368762
145462
112196
257793
922136
683519
818247
937187
858489
552188
886676
882152
674995
117957
420094
904891
264506
550838
136601
860688
453853
633924
541966
734876
700343
717492
481510
146076
623127
364567
690262
494276
483337
326040
530644
665742
256467
908487
484642
792097
630771
687192
546702
248548
770382
488331
448760
836734
210567
340923
259561
259839
307179
311081
295422
185898
790937
942580
910318
846203
285156
151790
724399
669964
755736
256992
207925
189789
599864
275525
594576
972395
177062
232556
451234
505830
970441
774888
221650
799934
463020
539505
522226
637666
381681
692804
217176
530702
665249
728182
636319
975928
738571
262512
687907
445408
842002
911879
609231
965034
261491
375731
456668
831409
838909
456088
681440
388463
936495
448832
424333
368089
565755
886053
252971
222667
186103
302571
215409
713254
413423
813645
818709
234742
597789
882469
500139
958727
352279
795191
301557
520894
198511
728560
594867
127874
520937
491025
834145
408959
716160
713041
125418
440724
274647
690675
527247
368028
577429
821957
917001
312177
290112
933310
921957
235481
637987
232302
380270
791737
319246
850626
261977
660459
584105
297398
162819
735526
162323
586504
378397
605884
268135
674672
838272
673441
784545
455955
666377
474286
487975
216182
753394
705572
189434
419919
691217
443226
438400
127265
708316
743338
938636
124870
266674
849742
127146
604645
155424
592898
908522
519597
414334
136046
285026
330120
850733
475297
838286
412464
988755
334368
908772
837057
764040
148250
915297
126119
611171
171191
472164
876521
722520
324843
828913
220827
242007
920288
264639
681199
950097
169202
506646
434978
721569
913825
482961
789190
494691
338752
615282
378895
206039
967474
380903
484258
852322
305288
428775
139209
420012
287749
274246
425674
481953
671914
499947
186593
172591
640863
688115
700919
807806
663714
628701
696161
935647
532721
126250
629932
718460
190616
199037
477230
542283
400345
993673
260980
311984
657991
594073
632432
997411
667008
886115
964697
997974
528563
157176
493929
611796
641764
885508
948740
870732
320744
460500
536880
126877
902126
577735
920948
171324
677954
677490
419541
297919
664724
526177
499264
409908
435138
816287
930594
649598
150795
494393
913814
220870
877522
912966
548086
658580
747573
271506
373139
855324
481999
284198
888397
532535
476074
388266
220564
827718
452099
544482
424846
310959
722997
900135
793899
884587
835609
482834
902946
529002
966396
419365
709243
158723
890374
353847
956608
446085
196285
239699
674755
496619
696708
408095
297063
685802
736153
751336
393728
222949
301359
300246
383193
261228
305889
835372
667810
208175
359458
387551
289022
994773
894730
857273
171939
444965
806083
688917
152801
442376
592662
440226
596566
558734
248796
156577
246965
736311
909937
369864
430629
170939
230243
464726
532449
374900
440045
879338
315020
723515
722032
273194
426055
393322
895395
858682
995214
557781
250528
728808
768565
608986
206037
209872
219850
477068
619601
532681
402272
307100
817634
124997
645416
430850
379599
374503
342018
149080
497130
254262
887257
503797
771705
998559
464149
999697
615342
961611
280598
748782
260340
197899
305133
510829
563247
532994
307131
832119
602987
469288
312795
310937
474104
730851
775043
191213
524879
997228
187516
837057
918301
346526
685491
469402
402486
315257
114840
907357
196663
636682
253797
576889
794065
493685
600493
133491
961799
732858
717426
171395
319654
307039
747215
340386
947359
264858
168320
820794
200866
767668
891648
180588
158408
442398
510787
173963
779145
913220
356530
907115
539839
435790
299212
282730
398543
964496
424452
644657
569588
725196
245996
349330
422220
877330
918214
790726
249861
974587
213804
359113
726286
252360
175377
829003
770538
617509
445885
300047
255045
686574
182083
535746
134870
566541
580484
808598
877496
229435
798998
583589
248453
590752
766200
509920
345059
575813
356606
203317
443318
187138
458303
479704
838030
884668
159053
787862
589098
987341
799611
541696
809616
379540
141056
194370
912155
151101
827205
867587
727696
584566
127153
474696
529551
801815
291543
870322
405738
155128
833719
965774
319981
666411
822421
562485
228822
578459
394693
287084
394246
526007
426954
920842
571545
415038
744002
557567
772277
271697
178150
953030
401452
763629
408298
541689
979454
795539
182895
202926
267729
298159
908974
605363
843702
879760
187388
277401
613558
707199
894036
933715
932118
454743
125986
730365
226704
458597
265136
435297
477147
174312
706074
992709
254871
353957
202940
617244
186156
116300
968259
367195
313843
387142
463625
738280
907092
198169
525224
141673
393330
204501
599971
814137
388445
265599
759531
513623
704247
924331
242088
823548
180024
201645
832024
754245
865131
879877
398862
227081
416069
301477
183170
589152
232410
231811
304337
656201
334471
418846
338350
409858
693748
215021
791907
833405
862137
963077
580418
614369
783758
330391
198897
381476
225178
746084
455689
740626
339782
782696
201465
312437
791105
951995
883857
772199
716899
236083
670586
884401
984974
311879
565536
579763
911914
716467
442695
633352
666238
641495
360354
365276
320527
747796
658386
184629
984096
363965
437953
761880
897401
949844
859194
727397
912871
842835
839994
979699
260490
876058
469270
562884
754710
349276
343658
135849
641043
668506
321503
303729
327115
736544
267306
599871
478295
821437
791631
186322
640471
283450
352475
890829
769460
787258
509417
580286
831156
360538
577924
844116
337107
171600
488151
337008
433001
143902
445962
694568
643815
704067
340281
446341
535487
204506
491672
411901
626255
296797
615080
877178
765046
613067
649072
950577
270247
434077
672680
420157
595871
245225
796267
311055
956902
252085
988138
999263
473291
938481
176029
821661
244283
250642
829445
269473
455091
366463
648284
301153
437799
134390
135960
860146
844718
468211
129081
757028
574665
644280
973321
751190
480888
470116
621335
767309
775701
963664
227810
734290
241912
248479
612309
406642
821977
375190
709250
309520
720866
126191
688555
181598
396132
185175
304584
125890
742304
842786
525818
699336
902724
738755
124197
892146
478255
112158
366315
840897
762593
357880
289443
786172
524833
177216
877094
148879
994407
330637
977769
180118
620265
607843
251692
131905
254657
364083
653061
940348
131186
687464
621551
345184
212386
512300
424887
338554
884233
482364
294606
694002
699502
444559
782936
534877
645334
207081
307037
535147
138244
933539
633882
376207
256907
865051
368084
483787
398234
192690
641246
999732
920648
277777
992690
757912
721362
403514
863132
374492
534825
260850
998985
859484
865084
745034
204891
165073
146545
430035
485498
474032
314156
548645
826115
878559
943685
329748
937191
242452
269179
828327
224798
234848
747756
894821
484313
336269
534566
137132
839886
974366
513120
394895
707633
301307
813527
626358
511103
146602
270325
695316
280394
316290
554499
469543
151220
680679
912773
559470
666795
922117
843789
118850
692241
532821
309458
824452
366881
254805
652418
443698
309221
680479
893018
250904
916212
118648
467547
855662
590535
304143
216133
582877
319008
925343
282059
392592
598792
892928
269307
222065
576398
717999
641916
731803
210449
557016
246668
713414
994025
127665
271674
663587
260162
570022
601564
302029
313062
329293
417523
745726
623043
726523
661690
634268
122073
585071
688419
269165
305721
332246
134880
688011
384067
827375
286361
883401
872280
421621
979948
922146
773552
574932
454764
326621
573335
727356
892644
329220
195790
448047
278206
449296
745002
731924
761708
213780
687825
913023
881527
319564
870817
533640
699730
240214
712695
624020
599631
764959
222641
711062
656714
698700
462596
746911
703927
389549
492257
676931
420583
272208
864258
463139
899664
781965
309492
196343
191455
247731
368771
235678
309813
523919
946894
537401
379678
903809
829446
317550
861956
748552
477226
482241
881765
829481
722591
566126
607655
323881
459408
512091
531668
915893
970844
280022
602862
605959
385839
327092
659812
291081
800400
163513
364849
557917
602411
525540
308383
805911
216736
544567
663894
808642
275074
458437
735095
745448
363261
308993
925010
666065
502836
630404
625397
169457
206631
120940
121845
432756
357164
545791
387833
729059
989061
992372
524663
490621
761004
302060
349051
974752
773587
741706
963028
269807
947865
195738
931479
419706
359573
215637
971920
422541
589937
806972
562433
794170
261296
337675
272031
676830
748476
416911
118018
699696
791898
422555
956219
214106
898537
505797
348381
979680
996786
246473
636048
503565
335175
534354
135220
841777
683955
709965
283000
705557
881371
128447
197183
771633
126761
755725
158855
394093
503759
236359
489539
168297
248524
546747
771548
531536
240942
625160
127731
432335
286801
545354
532795
747320
493894
275148
885785
826888
857311
370898
862374
355801
937122
666252
563472
593537
479252
975339
749231
456855
629976
516225
412343
708911
787311
989847
733985
366291
931203
284065
945733
257695
141695
260312
335986
352518
813473
326009
415081
562679
503951
961717
810279
634930
408489
670011
148878
848780
751920
661453
514510
958999
943257
396979
592714
290485
946804
766237
686600
188366
628280
564034
545425
935698
557235
412854
420442
238228
846212
330930
831301
675914
968088
272992
331704
975599
174294
732999
506782
174361
719050
350632
839145
617295
874158
365040
542429
561200
894730
165455
974191
238411
282040
796078
925367
111283
479008
962389
670615
282932
728413
237298
339104
926854
682687
964671
876638
272084
561479
660648
187978
764839
479350
349219
830621
799117
911193
756951
501062
249136
444313
212228
961402
344403
933926
780795
303003
179346
408291
697990
301165
812805
922889
652158
207486
965673
144693
401549
388077
539786
578278
496343
719962
533019
277082
978530
627051
541954
243184
394031
925803
348948
168841
632925
478607
116476
902701
346744
264674
874790
162490
666884
386967
416689
180860
806427
692537
979205
718571
996004
158139
139774
892747
378339
909257
582983
878508
999427
180332
867852
572111
454497
757065
483447
356301
990626
163968
612501
793166
858998
433528
592783
907151
432256
610883
206602
964578
364041
428067
549101
323253
563158
771990
748858
589145
188701
572236
817952
717589
908435
840860
196365
967098
687538
116118
425312
912746
948108
163146
438732
510601
226017
135701
393015
196011
750786
140437
922917
659787
272426
111153
267835
393099
803981
423997
136471
443582
123298
165904
296583
611378
264204
695989
273589
422806
445454
323288
297336
643801
292371
397795
129078
242267
573463
152436
618658
184032
818653
342068
775529
923959
298829
624170
955249
359433
656765
463466
295893
990261
510739
631069
829286
573291
585282
150289
920455
580617
399106
930851
792816
552324
714982
176129
380443
903643
111140
242714
292449
509978
713632
886901
923588
435427
619675
276125
188044
691692
238916
949004
364890
375973
357400
256413
202609
657518
795286
306224
332492
817050
214827
870478
403293
849264
951050
386184
448892
757524
132425
573485
953130
490361
305457
180302
617175
858073
976541
388043
891877
690965
775286
983816
852489
690209
521446
904409
692253
284566
902740
491473
206809
270070
792402
363560
136704
671429
500557
659302
768377
810578
870009
858285
236689
654609
450709
130452
342447
909328
329161
677596
557037
191813
252107
358427
382954
619903
282914
409741
339868
908203
458052
249369
120828
597596
331910
747513
323591
736564
435155
164253
141523
450997
356939
179053
112576
477183
660883
351652
381073
835467
640291
756955
574211
335968
802863
314575
356224
749100
737696
127428
782188
741213
903677
903608
390617
379129
451640
384327
988949
192765
425023
244444
677972
538676
771142
795520
838818
481372
198887
360841
919178
938350
685464
757330
519472
641118
648233
457047
427693
156022
812178
374562
269636
478419
785623
300660
164467
128629
531620
177160
629777
928926
403849
663636
713506
120457
808384
324311
388284
688530
924417
156108
284614
189295
498067
826096
220783
791853
810654
651113
501311
192024
193102
487063
243352
828069
367199
781016
443889
274986
198000
308178
961410
150277
803234
790550
357712
497430
604485
760245
620270
189047
279494
837469
751529
141301
762110
507361
301355
846494
378875
604467
671724
408686
144427
765338
835294
228598
748472
979908
801726
147072
115686
716505
358161
484227
580902
812219
979465
552914
376519
209929
270073
253162
679517
866127
265197
305590
111376
666021
651264
682483
730882
216884
640198
142297
272339
248488
480430
871827
819615
565882
550971
230901
710467
818988
334598
754482
950818
595225
180164
633980
390304
946714
728550
365663
954171
619317
883806
780792
498427
791484
264191
894200
760678
692966
636852
446915
930180
945133
307287
366827
468166
249014
831064
805359
627850
811740
655477
902538
476698
426341
895918
435682
229655
446001
361239
878530
281534
154449
451253
993424
341615
924885
672428
851035
473762
702650
427015
470165
146055
823917
471306
706626
889867
932432
508382
209589
785911
735105
175132
477763
408641
393957
632535
632636
256719
686833
363368
550925
327512
699739
546980
164181
932904
448737
639324
113730
219914
706823
128847
531372
848020
825949
505312
916745
507691
294358
829677
290091
342097
949235
294261
946291
653977
262812
540118
464158
810960
391990
554779
619610
908604
726340
183658
173020
788188
271092
304646
718665
632930
966009
322689
972713
617052
513986
930115
864353
999645
417900
780371
130940
206976
122716
525104
634121
758386
884332
394721
884618
688212
586883
728995
232823
116083
159870
158892
129494
819230
971572
282581
796858
138365
796010
549630
300653
935095
217479
851065
139696
640873
881810
432482
644344
181240
897642
893622
919756
289220
528815
966938
779596
221062
397791
939217
221099
330088
275320
310979
738131
232553
184462
861436
841588
995946
339609
739169
822084
242251
764527
969668
818191
228229
980609
194102
219573
535063
751858
389114
517975
911736
443862
533457
667756
618062
989716
276368
640510
254356
904272
322646
640991
591397
568142
147328
663097
528322
540002
317389
337122
818010
438673
366788
275401
931419
576834
116399
694289
472307
593450
804699
979854
641916
617110
885586
631656
540649
907414
312221
836456
569393
315611
410807
281402
316208
376191
366572
750281
288012
795730
237801
901518
783620
184696
576257
238669
723941
503409
645948
815358
737960
650842
175861
635570
480001
594979
578705
953176
268941
525190
787641
705119
293481
914291
492044
983256
852782
677384
491701
349363
371711
448972
520984
681102
209246
973872
233862
225668
196819
833459
466803
343530
861570
263760
399127
200725
979415
410523
996923
715137
540281
795803
175587
794034
972980
821347
930238
918288
301965
588862
743301
161444
672541
503125
522503
765626
243220
305575
467260
994806
980521
504907
908265
989175
479882
833081
931978
446689
821703
902565
559736
814542
247634
852612
459093
167237
191219
631037
518100
687959
975184
344424
878400
343295
623953
875200
834681
530879
936273
434892
536522
117655
602392
249246
937190
439330
911562
760140
777071
472906
511205
689466
746912
850180
844129
533726
564649
990032
364396
972568
420523
525462
464088
949707
766754
960870
257506
764071
278661
249917
356132
336101
168427
382530
857763
990737
151364
726206
949283
557014
613459
441298
965518
629697
262336
360354
772845
856674
293503
900094
333341
554522
871670
299270
333947
530467
119086
895342
126277
835780
972688
175839
747313
625780
578062
516412
249278
750392
627250
123976
124157
835012
231620
618908
994938
362341
749102
533886
887033
839066
176634
215893
668753
911520
619617
633652
415939
875742
794888
119791
775077
798602
777863
891729
329999
428804
718542
758493
466013
535657
383261
917651
492622
630898
787421
533687
660995
140739
173828
925654
562962
251854
312901
260851
923568
115527
569368
437985
315701
352399
454093
320225
693653
581497
893914
137679
601548
615620
949092
496830
914637
650511
862890
178369
684706
770299
542440
779054
289989
769090
515839
147411
278445
222397
579689
836946
970374
367682
591336
922862
183122
295629
611633
141640
866954
704293
757773
391632
983813
394714
541540
627269
333960
415077
700028
388994
968664
266346
973886
146930
802754
490784
537456
867544
706525
756192
734883
175937
299388
636141
540877
429840
264813
844893
732472
967229
456817
480400
713089
294387
382994
668630
665552
212975
987509
361587
568185
850181
555030
166025
457445
379620
584901
484605
486726
765967
677402
272726
246759
433404
634317
618085
193119
265865
963000
901998
930279
286929
257585
231070
148307
362735
789205
708753
187631
209097
166915
643488
443554
400089
540836
801689
756798
698479
748488
438730
874438
995299
424765
500890
269031
844839
139132
124384
677739
114283
154388
393406
965756
427735
560702
505265
982627
961546
521937
669336
492846
315162
281284
882686
974097
655079
871947
121170
481902
441062
246625
715045
469336
881046
241979
193954
980304
944536
127168
281406
204267
583262
833689
317864
780301
921009
185016
283760
563522
452800
213080
665894
266565
745630
428476
290647
215869
475988
862861
189898
959742
409994
735994
332672
716269
805330
847475
618918
640994
468157
899313
210445
198462
238549
916376
495252
211282
894647
897348
908127
646300
758993
251034
711073
840416
382464
421615
201916
525582
623622
140116
649232
141892
279472
475037
498569
699729
673193
595547
329860
387341
605743
186445
673440
996595
957742
395448
967405
730409
168006
476190
126166
345079
893942
439304
390267
324064
325992
413451
275693
534537
917390
837072
610020
860356
437805
433645
510697
152560
230255
491646
184739
563354
800887
207536
888692
565351
896336
999376
784281
522863
546452
216773
766501
672822
444800
598474
613307
634980
443139
989930
490652
553817
212053
414962
479840
285299
507357
709405
680238
942707
214452
985692
262369
349402
950535
198283
951048
886025
708653
875559
867706
686021
258855
338393
561373
204687
234297
127592
815196
805054
334869
805435
991306
809532
400574
131041
587618
990350
743668
142281
139538
630464
178719
880252
362153
440265
744807
378331
893381
182370
631502
772415
884865
607744
372437
776426
914657
574570
970919
174403
149562
255573
981473
816207
864052
883333
134433
451887
392475
950883
653714
716031
631037
380033
766406
443983
818853
436059
126978
460597
714824
660145
194719
491949
143649
739778
166516
192164
587176
824581
604173
630285
294765
483564
696959
547841
443462
325826
241156
850921
858766
572219
353424
678881
307546
837032
928610
473989
236569
995400
370176
698768
884240
112465
777627
826004
808719
306224
679701
302552
710968
761919
717553
315229
799599
398978
542566
575713
583765
533585
320555
972514
331974
777177
111203
324366
847522
746450
883218
409712
963398
895810
827412
845880
432789
652083
510016
365424
929241
605239
716225
820233
695723
271878
526696
221322
732041
960264
598015
118015
889616
785773
392678
707713
278251
341393
697767
652925
430450
263287
349032
422412
808029
199365
582483
659840
900713
818610
967707
192005
596509
339260
263968
183708
461291
282797
560936
137962
528601
396393
676179
830772
802531
916971
538347
892677
718806
523246
510389
982307
776586
145077
912658
477848
257685
884359
119157
833831
935102
704464
373892
619150
946912
516259
839917
592074
444909
171169
130895
532136
146286
882732
433130
339796
135696
486495
172170
689821
729621
294505
867436
840721
349171
841582
458347
982408
984204
844249
440578
612257
449394
974467
943716
769656
730793
431500
566048
958656
633501
149851
573683
218697
628936
775465
829062
720265
454996
711299
561575
978558
952855
541289
954472
732120
836539
768641
314788
719126
455926
314357
130176
989997
473247
114422
393503
155558
423201
391448
177059
526384
781422
900164
261614
728747
353039
419084
457970
340635
356359
224178
687835
239126
769390
330084
280310
805169
695881
191412
936066
408052
893523
739163
668119
336373
336945
626834
838870
210375
444669
888290
947732
987717
263470
813637
492953
241909
686965
596333
254435
661866
668779
729045
938565
770166
557387
784386
537836
999125
895991
321664
442791
741518
299379
737361
348210
124521
754625
706498
119427
817603
158870
269877
578896
947750
241982
499718
523274
555717
180272
925352
160452
113803
671877
293957
431008
494716
781889
246750
725971
167750
827814
233210
784147
301913
602920
883047
668723
930800
873999
948673
566938
278095
494560
413576
276836
460061
832684
858320
217059
640646
845416
604413
876636
127905
148712
864463
349852
368746
793111
358294
602356
413365
739200
348629
904991
549099
545803
603556
833311
659012
160737
908708
444996
489039
597282
328160
890064
259322
689197
921680
519326
261750
358782
940602
727769
195953
304978
397734
838758
434677
626570
115332
582016
899925
938423
370983
332036
409577
583517
141619
621374
117801
365762
354594
474017
703243
333748
923336
647858
609154
601215
477848
267519
918847
499617
126474
744310
202243
461986
865578
247181
995377
881023
779583
320848
868323
623812
979225
145789
396240
600154
958419
499329
389012
586750
691087
423749
877368
299420
971720
948704
847719
562415
178164
802668
574993
478539
890288
214545
554260
882631
201461
330162
634924
411491
478101
624687
439885
718876
773666
410458
433158
917564
981173
829852
263960
742741
606750
621837
935501
254770
908674
893627
375003
740976
773373
238486
874491
173919
372904
711168
328748
782026
901580
620851
586315
798303
203631
845841
899369
796042
477817
920752
418013
427647
927437
663580
729651
934857
240304
881207
478604
615955
672044
780262
622262
915655
654501
195668
619367
504311
254505
948060
932164
952035
626213
221373
205309
961198
986809
234289
728500
186600
650093
401371
184253
395207
820025
390805
986312
263450
772080
871967
417205
692986
764142
885467
795940
426621
422798
226938
925246
818809
653552
538732
934574
746030
114410
422062
689182
663737
936251
475025
343172
778212
520049
757308
347302
359324
373067
470369
372082
794236
169397
637970
533072
321694
621792
956020
294237
593147
143183
215916
771982
310713
912737
560358
117592
410592
894634
845446
819552
821127
370488
966382
773256
607525
126390
843553
948066
219567
307092
392098
560767
133814
752118
807031
478972
860567
844298
876992
211361
387866
136242
189142
742034
790080
236408
645936
726901
336349
322394
998887
803334
449689
437590
446585
584276
416448
489478
915747
663326
659575
659825
513306
115173
154487
175250
248317
646132
120124
112216
671507
637172
554115
524133
449144
637872
539737
465876
363859
582982
663555
571461
215006
652901
954356
716602
211662
951950
522475
834475
383349
735866
393744
529976
827760
989710
503488
561230
933392
779369
379722
990871
903445
801019
271818
642654
250666
207549
241282
379333
944239
176196
648436
504103
232587
256409
644935
805587
322293
921365
134535
125607
465441
714316
707200
703332
539394
412324
475666
955864
895469
327054
689849
686614
554913
538270
604486
181781
580944
700665
330098
432773
317341
427941
452116
134796
868213
464003
430780
924680
734826
282181
996866
560487
674855
756073
635632
737035
334065
962592
885777
411527
138914
818444
332717
284935
754694
509067
196532
626548
900233
261413
943354
126196
575534
515449
235273
509377
994639
129364
174056
795730
943774
610647
323261
894496
396211
504389
576968
121924
403536
166640
972232
730476
807776
985549
780115
352308
606390
476654
672235
675212
978088
350069
310577
516863
436125
634567
361386
283561
880847
678636
798686
445784
849529
346108
303214
260564
523535
545501
903941
746894
495290
128352
514078
877328
639198
331545
991655
777016
486847
851069
400694
473137
724685
450621
327688
937022
678519
731113
752732
399936
978553
340562
311560
201809
339208
691860
609183
166267
509243
881665
647634
192391
795360
378292
449144
610677
559286
696771
713001
285174
562381
947959
272072
764307
579275
655954
572272
647555
457996
259585
271362
528431
111643
737121
925166
729299
460034
686343
429367
470349
240329
793216
757919
428236
816229
659353
456169
911148
905378
427889
835914
200570
587926
742983
376629
984273
701589
947978
277365
432153
776679
691973
739086
557467
374752
331183
296301
984179
342755
374748
792225
663048
657442
656580
196708
629475
675932
722457
971990
776704
775613
601898
895334
387065
253440
711231
993780
860463
765492
694003
131273
444601
176535
862495
659023
341231
967346
317930
181079
770118
264442
973110
837921
829321
690407
434611
524700
416301
560861
984408
752223
828655
498913
808693
522818
782260
520749
467502
890650
898764
234310
182800
747184
792061
706992
232250
954065
683680
725867
324816
465312
256601
788317
408194
429090
464371
423326
486181
899158
205876
308033
513528
404652
722532
462118
485753
857162
459350
784399
494173
850956
931445
779238
683422
357016
739060
259390
969063
497021
288730
509542
428918
787845
560389
254037
793594
472998
388833
874526
700611
210151
236347
370669
983124
915752
269516
563728
820077
608170
866097
527637
385456
132000
656224
815971
872942
264920
228498
552355
680944
949115
919416
335456
991551
799561
400978
644095
910450
440382
162985
228806
181178
527990
547854
503673
259164
430439
873720
549125
388651
225952
117413
599570
666695
789666
532769
620024
937996
410234
263925
425472
757565
700547
773627
693804
414934
324425
471192
596894
477861
306509
332175
980526
970689
700383
400765
365116
882589
517607
525184
647608
344769
379380
371822
115166
750010
734459
621965
119421
602213
238480
263934
130493
514368
730223
638220
969565
239090
129732
489309
831265
209000
481204
857525
604513
312180
618832
980265
543366
985474
853660
960067
190152
216669
515764
816224
418244
542437
304718
825853
207457
453122
783609
665098
870317
622523
801486
676715
239759
548183
369217
840200
521810
538872
320994
683767
925157
838605
344850
981611
902230
353588
468565
347213
283187
461944
637069
526800
655121
919311
732933
345113
242205
865090
689170
416772
797776
446109
519563
594520
779197
197644
431182
452056
454077
863762
851396
712029
132368
901308
775798
965765
144300
683931
345254
171192
421447
135196
723160
400568
265236
407705
705856
653487
847992
967089
753501
480244
429115
446811
349101
332707
171489
185400
849198
770765
937451
763471
954998
777084
598411
206179
345412
999481
143484
585131
882996
853503
680685
405278
919942
374819
708824
928900
833222
216959
430897
231615
678297
283670
749324
119273
894580
616099
945568
330855
991134
681354
516374
160807
976365
975966
634577
735209
773349
213616
864908
162920
472722
524564
538725
646772
576536
580325
477021
561990
589406
353503
504916
432468
858932
218491
977351
179914
400923
116017
801377
830206
680263
611195
676935
203916
111902
286666
125248
660633
659677
586220
472355
524622
620940
241638
782476
212814
314524
373192
409525
651284
607313
903627
285791
288011
562889
843483
249156
925478
498919
335065
580370
320196
118671
629750
646060
973772
323457
315435
909885
278048
740259
282978
683148
881722
970123
696396
745365
159058
717298
227163
362840
945793
363067
222044
387541
328684
527165
503802
577910
223241
913628
375311
913633
940723
956077
840272
524575
939823
538464
630175
145644
890640
799851
415278
644055
725862
563575
350363
276133
331748
575796
787599
793860
386872
223549
216473
518033
760413
539100
948963
184315
145576
308565
210427
816594
274999
290142
731217
204507
926499
461260
414680
397917
211917
582807
237916
909513
846949
956406
372373
851708
130109
565649
575398
647042
387674
351440
516864
253422
195421
442674
499280
242175
341332
994786
662485
242050
664444
344553
255215
945641
881968
826253
341208
264987
826613
111876
448026
748952
882140
419881
605501
921872
737594
759152
525967
651037
828912
629778
879027
506036
653071
288199
627959
737089
904805
904858
181174
430155
693799
238956
311517
149892
781712
463959
262852
932562
714433
249403
688295
121726
569079
579771
369176
164538
549515
535135
159049
337875
135588
745332
617072
769939
187844
685705
462504
866585
525370
871635
989188
593529
700896
650928
180863
620901
258394
992105
556880
399319
395464
765211
940268
343113
882979
923772
731248
193111
653645
847190
344920
808262
572333
585888
952887
134391
931523
440444
201862
327141
662392
681863
341399
652878
186482
177862
281657
355257
361112
538048
652993
507940
987632
194895
221583
430546
156470
253124
911655
861329
718741
739814
126307
144437
908397
675548
733184
646515
772696
894643
290316
359241
585944
538641
425353
332754
558788
540511
241515
129478
216589
683540
434673
848851
366877
851778
395717
948080
653481
703366
915045
676340
592563
969126
418828
503167
930644
629580
802214
171179
172638
414739
632351
662843
276249
132347
274245
814545
594851
595128
